          48  0.100000000000000       9.994018831102180E-002
  1.250000000000001E-002
          49  0.100000000000000       9.998664358815006E-002
  1.250000000000001E-002
          50  0.100000000000000       0.100000000000000     
  1.250000000000001E-002
          51  0.100000000000000       9.998498337534065E-002
  1.250000000000001E-002
          52  0.100000000000000       9.998777360538449E-002
  1.250000000000001E-002
          53  0.100000000000000       0.100319633688188     
  1.250000000000001E-002
          54  0.100000000000000       9.999012529281871E-002
  1.250000000000001E-002
          55  0.100000000000000       0.100000000000000     
  1.250000000000001E-002
          56  0.100000000000000       9.987532343230685E-002
  1.250000000000001E-002
          57  0.100000000000000       9.998249781501527E-002
  1.250000000000001E-002
          58  0.100000000000000       9.994251744671605E-002
  1.250000000000001E-002
          59  0.100000000000000       9.999017297899714E-002
  1.250000000000001E-002
          60  0.100000000000000       0.100005453238626     
  1.250000000000001E-002
          61  0.100000000000000       0.100000000000000     
  1.250000000000001E-002
          62  0.100000000000000       0.100000000000000     
  1.250000000000001E-002
          63  0.100000000000000       0.100000000000000     
  1.250000000000001E-002
          64  0.100000000000000       0.100000000000000     
  1.250000000000001E-002
          65  0.100000000000000       0.100000000000000     
  1.250000000000001E-002
          66  0.100000000000000       0.100000000000000     
  1.250000000000001E-002
          67  0.100000000000000       0.100000000000000     
  1.250000000000001E-002
          68  0.100000000000000       0.100000000000000     
  1.250000000000001E-002
          69  0.100000000000000       0.100000000000000     
  1.250000000000001E-002
          70  0.100000000000000       0.100000000000000     
  1.250000000000001E-002
          71  0.100000000000000       0.100000000000000     
  1.250000000000001E-002
          72  0.100000000000000       0.100000000000000     
  1.250000000000001E-002
          73  0.100000000000000       0.100000000000000     
  1.250000000000001E-002
